function data = butterworthgain

data = [
    0	-43.09015	-90.36121
    1	-50.94291	-87.39521
    2	-59.85992	-57.76483
    3	-89.71587	-50.89864
    4	-89.45571	-44.18945
    5	-79.74588	-51.54603
    6	-61.27557	-58.0802
    7	-50.32062	-86.13364
    8	-92.55146	-77.59716
    9	-76.51511	-85.50517
    10	-80.53518	-95.7178
    11	-64.44604	-90.23092
    12	-54.57879	-93.23292
    13	nan	nan
    14	-58.13834	-100.8954
    15	-68.6884	-103.0268
    16	-55.98673	-100.954
    17	-79.48393	-77.66448
    18	-74.96944	-68.55111
    19	-74.771	-71.53805
    20	-63.62228	-72.17812
    21	-73.52881	-79.28532
    22	-68.61104	-74.38231
    23	-65.14751	-91.17041
    24	-58.12778	-91.95646
    25	-65.08604	-90.88315
    26	-87.79433	-77.45963
    27	-86.39362	-65.75515
    28	-85.65359	-73.4083
    29	-70.17939	-75.45839
    30	-70.44037	-81.4557
    31	-74.5685	-76.0256
    32	-87.41071	-71.18323
    33	-88.05425	-67.79407
    34	-87.10389	-65.53026
    35	nan	nan
    36	nan	nan
    37	nan	nan
    38	-95.06339	-48.97184
    39	-98.18311	-52.17085
    40	-97.03951	-53.80835
    41	-85.12035	-85.47672
    42	-87.84904	-82.56319
    43	-84.28308	-82.14247
    44	-102.2698	-66.45724
    45	-101.2393	-67.84688
    46	-101.4767	-66.23016
    47	-99.256	-56.45169
    48	-95.46629	-58.93947
    49	-98.36781	-59.07774
    50	-88.54681	-67.71154
    51	-89.94376	-73.19572
    52	-90.36271	-69.22533
    ];
data = orderfields(...
    struct( ...
    'Identifier', data(:, 1), ...
    'TX12', data(:, 2), ...
    'TX9', data(:, 3), ...
    'GainDB', data(:, [3 2]), ...
    'FrequencyHz', [1804152000;1805498000]));
